%YAML:1.0
aruco_bc_dict: ARUCO_MIP_36h12
aruco_bc_nmarkers: 20
aruco_bc_mInfoType: 0
aruco_bc_markers:
   - { id:161, corners:[ [ -1250., -1450., 0. ], [ -750., -1450., 0. ],
       [ -750., -1950., 0. ], [ -1250., -1950., 0. ] ] }
   - { id:227, corners:[ [ -250., -1450., 0. ], [ 250., -1450., 0. ], [
       250., -1950., 0. ], [ -250., -1950., 0. ] ] }
   - { id:85, corners:[ [ 750., -1450., 0. ], [ 1250., -1450., 0. ], [
       1250., -1950., 0. ], [ 750., -1950., 0. ] ] }
   - { id:166, corners:[ [ -750., -950., 0. ], [ -250., -950., 0. ], [
       -250., -1450., 0. ], [ -750., -1450., 0. ] ] }
   - { id:244, corners:[ [ 250., -950., 0. ], [ 750., -950., 0. ], [
       750., -1450., 0. ], [ 250., -1450., 0. ] ] }
   - { id:144, corners:[ [ -1250., -450., 0. ], [ -750., -450., 0. ], [
       -750., -950., 0. ], [ -1250., -950., 0. ] ] }
   - { id:90, corners:[ [ -250., -450., 0. ], [ 250., -450., 0. ], [
       250., -950., 0. ], [ -250., -950., 0. ] ] }
   - { id:214, corners:[ [ 750., -450., 0. ], [ 1250., -450., 0. ], [
       1250., -950., 0. ], [ 750., -950., 0. ] ] }
   - { id:153, corners:[ [ -750., 50., 0. ], [ -250., 50., 0. ], [ -250.,
       -450., 0. ], [ -750., -450., 0. ] ] }
   - { id:7, corners:[ [ 250., 50., 0. ], [ 750., 50., 0. ], [ 750.,
       -450., 0. ], [ 250., -450., 0. ] ] }
   - { id:143, corners:[ [ -1250., 550., 0. ], [ -750., 550., 0. ], [
       -750., 50., 0. ], [ -1250., 50., 0. ] ] }
   - { id:219, corners:[ [ -250., 550., 0. ], [ 250., 550., 0. ], [ 250.,
       50., 0. ], [ -250., 50., 0. ] ] }
   - { id:78, corners:[ [ 750., 550., 0. ], [ 1250., 550., 0. ], [ 1250.,
       50., 0. ], [ 750., 50., 0. ] ] }
   - { id:159, corners:[ [ -750., 1050., 0. ], [ -250., 1050., 0. ], [
       -250., 550., 0. ], [ -750., 550., 0. ] ] }
   - { id:209, corners:[ [ 250., 1050., 0. ], [ 750., 1050., 0. ], [
       750., 550., 0. ], [ 250., 550., 0. ] ] }
   - { id:13, corners:[ [ -1250., 1550., 0. ], [ -750., 1550., 0. ], [
       -750., 1050., 0. ], [ -1250., 1050., 0. ] ] }
   - { id:247, corners:[ [ -250., 1550., 0. ], [ 250., 1550., 0. ], [
       250., 1050., 0. ], [ -250., 1050., 0. ] ] }
   - { id:237, corners:[ [ 750., 1550., 0. ], [ 1250., 1550., 0. ], [
       1250., 1050., 0. ], [ 750., 1050., 0. ] ] }
   - { id:100, corners:[ [ -750., 2050., 0. ], [ -250., 2050., 0. ], [
       -250., 1550., 0. ], [ -750., 1550., 0. ] ] }
   - { id:6, corners:[ [ 250., 2050., 0. ], [ 750., 2050., 0. ], [ 750.,
       1550., 0. ], [ 250., 1550., 0. ] ] }
