%YAML:1.0
---
image_width: 1280
image_height: 720
camera_matrix: !!opencv-matrix
   rows: 3
   cols: 3
   dt: d
   data: [ 9.5184581361560402e+02, 0., 6.9603166699329518e+02, 0.,
       8.5119274893929366e+02, 3.5100439081567129e+02, 0., 0., 1. ]
distortion_coefficients: !!opencv-matrix
   rows: 1
   cols: 5
   dt: d
   data: [ 1.3354150548207788e-01, -4.2352076836541502e-03,
       7.2103047346773974e-02, -6.6299211011281861e-02,
       -2.0028506424249306e+00 ]
