%YAML:1.0
---
image_width: 1280
image_height: 720
camera_matrix: !!opencv-matrix
   rows: 3
   cols: 3
   dt: d
   data: [ 1.0095704757390205e+03, 0., 6.2537194135269283e+02, 0.,
       1.0114414327487788e+03, 3.7032175215787225e+02, 0., 0., 1. ]
distortion_coefficients: !!opencv-matrix
   rows: 1
   cols: 5
   dt: d
   data: [ 1.3335449381174928e-02, -1.5682765158136096e-02,
       3.9366517725796467e-04, -3.0342333029495221e-03,
       -4.7797052205165239e-02 ]
