%YAML:1.0
---
image_width: 1280
image_height: 720
camera_matrix: !!opencv-matrix
   rows: 3
   cols: 3
   dt: d
   data: [ 1.3440884040820424e+03, 0., 6.9905156745199122e+02, 0.,
       1.3467815094749353e+03, 3.8248170253646941e+02, 0., 0., 1. ]
distortion_coefficients: !!opencv-matrix
   rows: 1
   cols: 5
   dt: d
   data: [ -4.7871621275114645e-01, 5.4981010471419212e-01,
       -2.5231381980395746e-03, -7.2442090246576209e-04,
       -6.5971250176164065e-01 ]
