%YAML:1.0
---
image_width: 640
image_height: 480
camera_matrix: !!opencv-matrix
   rows: 3
   cols: 3
   dt: d
   data: [ 6.6121494917337247e+02, 0., 3.2828841718686101e+02, 0.,
       6.5618744814267620e+02, 1.9107124426366272e+02, 0., 0., 1. ]
distortion_coefficients: !!opencv-matrix
   rows: 1
   cols: 5
   dt: d
   data: [ -4.2521027321415589e-01, 1.6184870648672697e-01,
       1.0785595182920660e-02, -4.6897192269970264e-03,
       8.5242077077199302e-03 ]
