%YAML:1.0
---
image_width: 640
image_height: 480
camera_matrix: !!opencv-matrix
   rows: 3
   cols: 3
   dt: d
   data: [ 5.9735378164978681e+02, 0., 3.2679919454715503e+02, 0.,
       6.0372905645583614e+02, 2.8010613705134386e+02, 0., 0., 1. ]
distortion_coefficients: !!opencv-matrix
   rows: 1
   cols: 5
   dt: d
   data: [ -3.9267258438550706e-01, 2.3586462855322002e-01,
       -1.0512656347201383e-02, -6.8267662796361807e-04,
       -1.3795994095762154e-01 ]
