%YAML:1.0
---
image_width: 640
image_height: 480
camera_matrix: !!opencv-matrix
   rows: 3
   cols: 3
   dt: d
   data: [ 6.0783617044102618e+02, 0., 3.1581780741003723e+02, 0.,
       6.1120408601302597e+02, 2.5008129529549603e+02, 0., 0., 1. ]
distortion_coefficients: !!opencv-matrix
   rows: 1
   cols: 5
   dt: d
   data: [ 1.4816645713462362e-01, -1.0182391728955875e+00,
       -1.8143434742778767e-03, -3.6992078893083903e-03,
       1.4676077663793050e+00 ]
