%YAML:1.0
---
image_width: 1920
image_height: 1080
camera_matrix: !!opencv-matrix
   rows: 3
   cols: 3
   dt: d
   data: [ 1.4302707103631117e+03, 0., 9.8298453177709575e+02, 0.,
       1.4290231496186070e+03, 5.6279173856551881e+02, 0., 0., 1. ]
distortion_coefficients: !!opencv-matrix
   rows: 1
   cols: 5
   dt: d
   data: [ 8.4267570788474924e-02, -6.2358151257688899e-01,
       8.3815550773588268e-04, 2.1128443195196503e-03,
       9.3539169816479428e-01 ]
