%YAML:1.0
---
image_width: 1280
image_height: 720
camera_matrix: !!opencv-matrix
   rows: 3
   cols: 3
   dt: d
   data: [ 9.2816139520991885e+02, 0., 6.4301704018620785e+02, 0.,
       9.2778873253260781e+02, 3.7498666412608128e+02, 0., 0., 1. ]
distortion_coefficients: !!opencv-matrix
   rows: 1
   cols: 5
   dt: d
   data: [ 9.5751948597244715e-02, -6.5241365732573608e-01,
       -2.0828586224311361e-03, -7.0621354398648674e-04,
       8.7552357956889237e-01 ]
