%YAML:1.0
---
image_width: 1280
image_height: 720
camera_matrix: !!opencv-matrix
   rows: 3
   cols: 3
   dt: d
   data: [ 1.0870591972997881e+03, 0., 5.1985156867369221e+02, 0.,
       1.1095304896744867e+03, 6.5370374660295761e+02, 0., 0., 1. ]
distortion_coefficients: !!opencv-matrix
   rows: 1
   cols: 5
   dt: d
   data: [ 6.7506039599485021e-02, -5.9048530625047245e-02,
       1.7155220868880776e-03, -5.2020426468591507e-02,
       2.7634211934173425e-02 ]
