%YAML:1.0
---
image_width: 640
image_height: 480
camera_matrix: !!opencv-matrix
   rows: 3
   cols: 3
   dt: d
   data: [ 4.9260281220532505e+02, 0., 3.2983271307718115e+02, 0.,
       4.9185805133583187e+02, 2.4829905879256435e+02, 0., 0., 1. ]
distortion_coefficients: !!opencv-matrix
   rows: 1
   cols: 5
   dt: d
   data: [ 1.7239420667429373e-01, -5.5553264866253949e-01,
       2.4128347703893300e-03, 2.7407429940248681e-03,
       4.9313531402738187e-01 ]
