%YAML:1.0
---
image_width: 640
image_height: 480
camera_matrix: !!opencv-matrix
   rows: 3
   cols: 3
   dt: d
   data: [ 6.5896698580363773e+02, 0., 3.1002321894647190e+02, 0.,
       6.5682077412787862e+02, 2.3106121559640056e+02, 0., 0., 1. ]
distortion_coefficients: !!opencv-matrix
   rows: 1
   cols: 5
   dt: d
   data: [ 1.1852650267166695e-01, -5.1934013894639219e-01,
       -3.0733227337306872e-03, -5.5608500948949660e-03,
       2.6916737484502573e-01 ]
