%YAML:1.0
---
image_width: 640
image_height: 480
camera_matrix: !!opencv-matrix
   rows: 3
   cols: 3
   dt: d
   data: [ 3.7037165052172065e+02, 0., 3.1804464317636484e+02, 0.,
       3.6986507401947409e+02, 2.3433401660781536e+02, 0., 0., 1. ]
distortion_coefficients: !!opencv-matrix
   rows: 1
   cols: 5
   dt: d
   data: [ -3.0928475932553318e-01, 1.1286735280595565e-01,
       2.7916987103310091e-04, 2.9956904211408351e-04,
       -1.9893030862940957e-02 ]
