%YAML:1.0
---
image_width: 1280
image_height: 720
camera_matrix: !!opencv-matrix
   rows: 3
   cols: 3
   dt: d
   data: [ 1.8593258445340257e+03, 0., 6.3832828268340643e+02, 0.,
       1.7109359494675668e+03, 3.4853591106543831e+02, 0., 0., 1. ]
distortion_coefficients: !!opencv-matrix
   rows: 1
   cols: 5
   dt: d
   data: [ -7.3405019069485866e-01, 7.3735108609330446e-01,
       2.6216434201067888e-02, 7.1663397680407998e-02,
       1.2758125148276322e+00 ]
