%YAML:1.0
---
aruco_bc_dict: ARUCO_MIP_36h12
aruco_bc_nmarkers: 4
aruco_bc_mInfoType: 0
aruco_bc_markers:
   - { id:161, corners:[ [ -550., -50., 0. ], [ -50., -50., 0. ], [ -50.,
       -550., 0. ], [ -550., -550., 0. ] ] }
   - { id:227, corners:[ [ 50., -50., 0. ], [ 550., -50., 0. ], [ 550.,
       -550., 0. ], [ 50., -550., 0. ] ] }
   - { id:85, corners:[ [ -550., 550., 0. ], [ -50., 550., 0. ], [ -50.,
       50., 0. ], [ -550., 50., 0. ] ] }
   - { id:166, corners:[ [ 50., 550., 0. ], [ 550., 550., 0. ], [ 550.,
       50., 0. ], [ 50., 50., 0. ] ] }
